5 1 PC1_20090705_070000_0010 10
18 1 PC2_20090606_050000_0010 1
19 1 PC2_20090606_070000_0010 2
24 1 PC2_20100606_052906_0010 1
26 1 PC2_20100705_050001_0010 10
36 1 PC4_20100606_050000_0010 10
50 1 PC5_20100705_070002_0010 7
55 1 PC7_20090606_050011_0010 0
56 1 PC7_20090606_070011_0010 8
58 1 PC7_20090705_070000_0010 10
64 1 PC7_20100606_070104_0010 9
73 1 PC8_20100606_050001_0010 1
88 1 PC10_20100606_070000_0010 1
100 1 PC11_20100606_053000_0010 6
115 1 PC15_20090606_070011_0010 7
122 1 PC15_20100606_050000_0010 8
125 1 PC15_20100705_070000_0010 2
138 1 PC16_20100606_050000_0010 9
145 1 PC17_20090705_070000_0010 9
169 1 PC1_20090804_050011_0020 18
178 1 PC1_20100804_070000_0020 17
186 1 PC2_20100513_043000_0730 1
190 1 PC2_20100705_070001_0020 1
194 1 PC4_20090804_070000_0020 17
200 1 PC4_20100804_050000_0020 18
201 1 PC5_20090513_051500_0020 6
204 1 PC5_20090606_070000_0020 16
210 1 PC5_20100804_050000_0020 18
213 1 PC7_20090513_070000_0020 9
215 1 PC7_20090606_070011_0020 9
221 1 PC7_20100513_043000_0730 7
250 1 PC10_20100804_070000_0020 10
265 1 PC13_20090606_070000_0020 1
285 1 PC16_20090513_050000_0020 18
302 1 PC17_20090705_070000_0020 7
324 1 PC1_20090606_070012_0030 11
326 1 PC1_20090705_070000_0030 10
347 1 PC2_20100705_050001_0030 1
349 1 PC4_20090606_050000_0030 10
354 1 PC4_20090804_070000_0030 17
365 1 PC5_20090606_070000_0030 16
368 1 PC5_20090804_050000_0030 18
378 1 PC7_20090705_050000_0030 6
385 1 PC7_20100606_070104_0030 14
410 1 PC10_20100705_050000_0030 8
411 1 PC10_20100705_070000_0030 9
416 1 PC11_20090606_050000_0030 13
417 1 PC11_20090606_070000_0030 15
419 1 PC11_20090705_070000_0030 6
425 1 PC11_20100705_070000_0030 9
433 1 PC13_20100606_070001_0030 6
435 1 PC15_20090513_070000_0030 8
439 1 PC15_20090705_070000_0030 1
446 1 PC15_20100705_050000_0030 8
450 1 PC16_20090513_050000_0030 6
457 1 PC16_20090804_070000_0030 12
460 1 PC16_20100606_070000_0030 17
462 1 PC16_20100705_070000_0030 9
466 1 PC17_20090705_070000_0030 14
480 1 PC18_20100513_043000_0740 8
488 1 PC1_20090606_070012_0040 11
495 1 PC1_20100606_053000_0040 11
513 1 PC4_20090606_050000_0040 10
514 1 PC4_20090606_070000_0040 10
517 1 PC4_20090804_050000_0040 18
519 1 PC4_20100606_050000_0040 10
522 1 PC4_20100804_050000_0040 18
524 1 PC5_20090513_051500_0040 6
529 1 PC5_20090705_070000_0040 10
530 1 PC5_20090804_050000_0040 18
537 1 PC7_20090513_070000_0040 9
540 1 PC7_20090705_050000_0040 6
564 1 PC10_20090705_071500_0040 1
576 1 PC11_20090606_050000_0040 12
581 1 PC11_20100513_043000_0750 4
603 1 PC15_20100513_043000_0750 3
610 1 PC16_20090513_050000_0040 6
620 1 PC16_20100606_070000_0040 10
622 1 PC16_20100705_070000_0040 9
626 1 PC17_20090705_070000_0040 14
634 1 PC17_20100804_070020_0040 0
640 1 PC18_20100513_043000_0750 8
